Source Name	Cell ID	PC 1	PC 2	PC 3	PC 4	PC 5	PC 6	PC 7	PC 8	PC 9	PC 10	PC 11	PC 12	PC 13	PC 14	PC 15	PC 16	PC 17	PC 18	PC 19	PC 20
8CA33561B5	1	0.42039169262659865	-1.326331700138247	-0.3322206858980766	0.04062048669550953	-0.16271528836426982	0.3699471142573418	0.1440073151940641	-0.28903460434738315	-0.039446362817222094	0.1376690759816277	0.02362617452887462	-0.037854548540582206	0.039338415462970094	0.053991720633114255	0.1168494592687251	-0.028674476867742108	-0.04105301307632461	-0.007593102398893245	-0.004229356213837995	-0.015981034295818368
8CA33561B5	2	-0.334951302490165	0.353090515355011	0.22505701854153073	-0.11916164230682345	0.08413014402324308	-0.17338576161175145	-0.10487816923189516	0.30221841025560264	-0.1251350502030907	-0.06128386824183604	-0.07253107087647505	-0.024421814178397092	-0.0748906227639747	0.02024049993707029	-0.06272244841939902	-0.016831265300454035	0.08299885201258385	-0.06277504309220662	0.028069090282409344	-0.006162202130910409
8CA33561B5	3	0.9990713737778659	-2.74824011657633	-0.9091376603781648	-0.1158199017987356	-0.4058667725766691	-0.16299360959043224	-0.05698449081002439	-0.44743036237047207	0.13558482873457692	0.16296862875156432	-0.0943766823608775	0.20387903028299334	0.019085453664198736	-0.025089638266001305	0.053903975421955866	0.0979227582605351	0.09270640433342195	0.020792085941577852	-0.11098997027388077	-0.1075340980720675
8CA33561B5	4	-2.049682771261118	4.18418717829977	1.8960593553485665	-0.14567877813471589	0.31436942351409547	0.569114898943966	-0.21987284931604015	0.7765344019233148	-0.34488906230819605	-0.161155894231752	0.03699655015125665	-0.14564001247591693	-0.10185484155126857	0.09476880755829854	-0.10239528723928296	-0.11617302387867652	0.010315562308951306	-0.12729886486607933	0.17096041157033445	0.08197529335820304
8CA33561B5	5	-0.8360989315330669	1.816683116322457	0.6079520552886973	0.23110470265159394	-0.02992099875578553	0.635987526864493	-0.02083640940632807	-0.12035690901766652	-0.1028374592758304	0.03284137055813413	0.1756514678229785	-0.03714146134901269	0.011062726383761804	-0.03611200082653252	0.047044072211123056	0.0197859262664862	-0.20015509036849416	0.02960175926556009	0.07861017708810995	0.06479050573340571
8CA33561B5	6	0.2739500850759203	-1.347622803840295	-0.691727887717015	-0.11634787795070838	-0.20693509616075303	-1.090884686632669	-0.39929283095715623	0.09094626541865877	0.10337778811205554	-0.07820464221078187	-0.1900507583349301	0.2826418092266563	-0.15928704545089276	-0.153455448584125	-0.16082756508731127	0.18363088521952256	0.20278470727120398	0.018432941545910245	-0.1051238114310771	-0.10029821651045244
8CA33561B5	7	-0.26286025271764374	1.2905918382942814	0.42022309722965706	0.22184586102262469	-0.2612176666962959	0.826283472387131	-0.026224534977237896	-0.5020924261209077	0.15546910070965014	0.13926250996601902	0.21826669780754537	0.1317270824771766	0.13215947783897042	-0.052250897069482515	0.09964203576609472	0.07000514973774452	-0.23081445685036525	0.09963433132949201	0.0002605081545915561	0.014462918259259014
8CA33561B5	8	-1.0795356326653869	2.840969528241147	1.255024764402709	-0.22233627515875892	-0.03239506453506875	0.23956538161492533	-0.3475362251111237	0.32245409194504016	0.029478753578365487	-0.05770180677716475	-0.015503611716513313	0.1652104318882474	-0.010902586042385703	-0.001362305898514464	-0.11876946607859519	0.02462159335974014	0.062000719971023625	-0.032035164147819456	0.028669112815996007	-0.011182033795751752
8CA33561B5	9	0.05779137412152933	-0.2629768977067154	-0.11626722076755147	-0.04909137531811086	-0.12559864797901293	-0.1977815581798527	-0.1322806760992084	-0.04832572526395458	0.06186304364383279	0.008154720762247136	-0.0470609403774164	0.1185637903149749	-0.02683717865317676	-0.045213096072450644	-0.037457828281506664	0.06244939734708846	0.05147253391637913	0.013763516885688158	-0.03609909887025146	-0.03348523624510831
8CA33561B5	10	0.046846917965781255	-0.12562071077690382	-0.18380373530703867	0.09272192073022845	-0.0923209147262884	-0.028601537730002752	-0.04824552774248311	-0.16437091963620487	0.03819099200944092	0.021664285072949978	0.04033024064433514	0.06513670515178113	0.0006166834318667596	-0.0633873842477878	0.0037728881396804376	0.0680545257670484	-0.05455245270954048	0.038136709749305726	-0.01621410470435623	-0.006078228427402546
8CA33561B5	11	-0.25264231596360454	0.4818293215523217	0.15329497936415648	0.1412652383282955	-0.2158958687923867	0.5098566315834403	-0.05103725543602704	-0.33833822360528104	0.009753135499902322	0.1038377641232051	0.1254939636964697	0.08311444840829174	0.04106801634983017	-0.04920641658398093	0.06390423535100541	0.07171668182698086	-0.14326089255506486	0.04571772481154356	0.010322277337533442	0.004497632875598892
8CA33561B5	12	0.21575176158682136	-0.7974548016162551	-0.14713082807891031	-0.08995309922504122	-0.1388246933352107	0.07460569224104377	-0.009155013761283503	-0.09803076148537196	-0.01572220065706344	0.07502012708411201	-0.0509138484056886	0.037840092579482835	-0.0013424994889356524	0.025948323001750314	0.02549442391720816	0.0028059205594782844	0.04725274134757059	-0.023482444845538703	-0.015989236486314336	-0.031551760327166015
8CA33561B5	13	-1.1525145586021692	4.132980701491034	1.3527069641788347	0.0038484340003227652	0.10272877641626818	0.09493653849846818	-0.3247370117015283	0.28299561760038355	0.20187083836541475	-0.1358497844989894	0.09142122253225082	0.1766945895563774	0.04056292934701088	-0.08774734993717505	-0.15252671777348595	0.055157082797268546	-0.062297500152607835	0.06090038001037727	0.024043865837755626	0.037898951728577504
8CA33561B5	14	0.27088094128786894	-0.8915921351555514	-0.30343601062017905	0.08693874715260509	-0.253586820817807	0.5045764916017961	0.07776173006557907	-0.4939045162904067	0.008357184392890342	0.15667148302541098	0.10086646657051376	0.05271076417211946	0.0725796687331584	-0.019927727156590105	0.11419901762263321	0.06210781858613731	-0.12008166256733294	0.03708872196594465	-0.016345633318662452	-0.014888740329855255
8CA33561B5	15	-0.07861959427170877	1.5105383993115467	0.23618588030504786	0.1361763325160354	0.1272798273368331	-0.08944135532468994	0.014172032340126964	-0.011000557768187274	0.17109136521110824	-0.05785909834806076	0.07912757467333202	0.021798196879719237	0.06899181886154812	-0.06966653209027207	-0.04759207303928175	0.02142050569597545	-0.10275548720487679	0.07229280000696127	0.0005859973125568825	0.04597623978058583
8CA33561B5	16	-1.1511013831845833	2.395608223348504	1.01012613619802	-0.07041886834208672	-0.10080743414876037	0.31298328921993435	-0.326200463081587	0.14566506336663526	-0.014140186819505053	-0.04255418009953996	0.045935249300974174	0.15679477326311236	-0.0389824194953177	-0.043490104854583114	-0.07583162686961509	0.06608688624024513	-0.003826634542268471	0.0014744917488415145	0.030104122994249	0.0005760132437953188
8CA33561B5	17	-1.7054080940581846	4.451593401344306	1.6902153453167368	-0.16351891630930743	0.050342729851855166	-0.01360346397286577	-0.5567487981825816	0.5555350283951698	0.0728626123077976	-0.1809476120349456	0.0019593373216240583	0.23966451002785805	-0.06889693413358965	-0.0757719342270871	-0.2198773994730121	0.07276877304637158	0.06266049918689995	-0.003149632891696778	0.037871801603063616	0.004664176395157811
8CA33561B5	18	0.5289301334178087	-0.43558024165151815	-0.3868881260954498	0.12481963495989717	-0.07651822941086125	-0.06146315382020897	0.07842152123837534	-0.30495152656244	0.1873196098090986	0.047871117159054004	0.05047433462958572	0.06210744146401331	0.07824854859890143	-0.05724448291061074	0.028815942098161355	0.0459743475933115	-0.0763900503347612	0.07823814165476319	-0.047295643392106596	-0.0009469999956319239
8CA33561B5	19	-0.11477398692356025	1.1155676758247413	0.32229567583698865	0.11045218905087789	-0.1289979688130136	0.4922421630025442	-0.0036837256069468783	-0.3254375952505619	0.1612022363314472	0.0740641222847402	0.14351281684849596	0.09960347519989082	0.11814425011192775	-0.0426176826652184	0.0454825932412777	0.049871858227280325	-0.14938268563364995	0.07692106835889723	-0.009512547458315491	0.014317103264109659
8CA33561B5	20	-0.4229382613423628	1.1045107082151677	0.4477830815757776	0.09865572755600788	-0.2685846810623797	0.6714496987809575	-0.10886428102000836	-0.3529292488393974	0.056218681909932136	0.12148413500566366	0.13669606762265116	0.13741653426855702	0.06623702630120976	-0.04502765066364524	0.05689639538886385	0.07641956840175433	-0.145472051248522	0.05102521054156732	0.009572247868597707	0.0003332322214629955
8CA33561B5	21	0.9528164290101041	-2.481953377635543	-0.9210188305647299	0.0724133766794971	-0.1767749335841944	0.013782805159319787	0.19832249039035832	-0.43442281409934635	0.06982868324742623	0.12196565339804641	0.0011625116085448041	-0.0030328127170351094	0.048709978965773414	0.00924853756710328	0.1153422628134427	0.0131013409129986	-0.0161980615095306	0.03715474906495596	-0.061487548882402994	-0.03312411759629493
8CA33561B5	22	0.25414697278962295	-1.4449718871875874	-0.40712021576750856	-0.21828302881361164	-0.39828305510046513	-0.3614069402726337	-0.33504638687547633	-0.1664167620634964	0.0814270890579065	0.06897214530709854	-0.1397670407166891	0.3030720039440528	-0.07249179292674571	-0.07484049876198158	-0.05937943667072257	0.15567793431765906	0.16535152580088722	-0.0026889336420239216	-0.09601727932173004	-0.11647185227391535
8CA33561B5	23	-0.5153844928423714	1.6780643390633314	0.7281260373218964	-0.010707094016689693	-0.014417003698456719	0.5821774276104101	-0.009079964962107105	-0.05167643735065378	0.03000733786858105	0.031672445808624945	0.09856308247365855	0.015799858462271686	0.07859707943210481	0.025892517050713274	0.024050873193488184	-0.02027837178424689	-0.08495692997996086	0.011790711629854393	0.03487411316287123	0.02942764199177441
8CA33561B5	24	0.11442196556468616	-0.6476155309923597	-0.17103305250447853	0.04743522680274387	-0.3948136011752761	0.37651090151863836	-0.12268855187713223	-0.47188967155018946	0.08484342203919097	0.15296522565685125	0.062315816219698374	0.1972604953414084	0.03558411014454567	-0.0552941273387654	0.06972746525443019	0.11380755203462417	-0.06296206000224876	0.05137389457915226	-0.04713208977585265	-0.052530432214357964
8CA33561B5	25	-0.3471738506384781	1.2498608600386174	0.36012551096966483	-0.01745329435386463	-0.058929186111968145	-0.10685352327568756	-0.21005388774129227	0.06601045892663104	0.08214523168199876	-0.026389679300683592	-0.0027930070193012	0.13609476359325035	-0.011177837083200325	-0.06851124606906239	-0.08086096897112718	0.06801451063651248	-0.0021695811452294477	0.021411870910826435	-0.006297992635655772	-0.008766538273898608
8CA33561B5	26	0.0481432095869128	0.5349681019112829	-0.12184364874233532	0.10266288730940122	-0.22029229281118284	-0.3069324383019581	-0.23983064232488108	-0.24621990408334507	0.2492292595078023	0.00858846269050231	0.020829100969962214	0.260750276052741	0.008920291777090293	-0.16129103468572556	-0.0735510226956801	0.16197514794853338	-0.039564481509680796	0.10410521062104476	-0.06855808650200972	-0.028048572767168194
8CA33561B5	27	0.3657744930747243	-1.1040603852998865	-0.21031265760242077	-0.016458619850929144	0.08454311550686008	0.3587103924866263	0.3203965786267711	-0.08979480720008617	-0.11348792439867507	0.0699997995060208	0.00754972222273739	-0.20494010094548454	0.0501093948345297	0.1195802499755513	0.11545528691406604	-0.1230333486933321	-0.015518089532095599	-0.04173712510765981	0.031119827419685154	0.029980961296935144
8CA33561B5	28	-1.1788553629737282	1.9612056323624985	1.0025944268627225	0.09600156674848358	-0.1495293395087355	1.08887790843151	-0.09691994977860108	-0.09555854488201479	-0.2162296968581403	0.09507783653490419	0.1767304845652238	-0.015977555636285477	0.005849635509144817	0.03498364381496599	0.08615378000953669	-0.0029675146692023317	-0.17001743666766164	-0.027562097225031876	0.10171595605175442	0.03628307863730612
8CA33561B5	29	-0.6666878714854486	2.4766919318742464	0.8160872047228871	-0.08664249064497505	0.2791225112822863	-0.1982269163428752	-0.10634096335534167	0.42167268886163417	0.07485517806341896	-0.16891026864203365	-0.006143350369032709	-0.0034730784257240043	0.004604571860403668	-0.011988929031275592	-0.13060330188843083	-0.03139728026035215	0.035598532212863396	0.001676492639185282	0.02829021572006625	0.04488511910389891
8CA33561B5	30	-1.221026046107549	2.3986243269750296	1.0703365468711414	0.08607811002873246	-0.33831172304389473	1.0793972675281995	-0.2550650634422491	-0.3076974165283546	-0.04575048689393607	0.12397369680748736	0.1973901038385063	0.1772114561281657	0.03815712207833116	-0.04845288100800165	0.05341000997326775	0.10089042627419759	-0.1834392906166271	0.03498937627014833	0.0525580034105035	0.010663752627175312
8CA33561B5	31	0.7006261002246392	-1.962780920961482	-0.42442919907272364	-0.20978831697675704	-0.06253042588412261	0.032028932574309346	0.17337536601499454	-0.06633281835985932	-0.03497853797508149	0.09245775654445988	-0.11996041294997783	-0.06382717443007772	0.02458113255309087	0.1138126290375017	0.06468390721175102	-0.08172757213751293	0.12601042488639103	-0.06197722914589059	-0.027259333051764426	-0.03843068028861379
8CA33561B5	32	-0.17678929986040365	0.20043353008148707	0.06458556830688011	-0.011605128936553714	-0.07220906600851291	-0.02076559706051542	-0.11024059837836746	-0.0032479122467382266	-0.018895697938183093	0.00463845684809902	-0.004443778341417007	0.0628346138627889	-0.02761795876797103	-0.03309759478523705	-0.024111513533725294	0.045959560175152604	0.0026215958948987927	-0.0018038262371163124	-0.0005979443674067796	-0.012864806880484683
8CA33561B5	33	-0.17376606720939972	0.08230450397296027	0.09092059591728784	-0.050197890188861324	-0.1771661702639021	0.10737871179127886	-0.13699219528114426	-0.11915982564871107	0.01283990880911398	0.044970198263683384	-0.0027978346399020735	0.11844429222216922	-0.011565735016794417	-0.03496141875065485	-0.008979211013854915	0.06697384858308313	0.009698998580786194	0.007208367937109255	-0.01582212580413265	-0.026588657222453734
8CA33561B5	34	0.6402808432098009	0.8845174926705032	-0.06767495191020802	0.24766068599875105	0.10892238908174647	0.3090263829905062	0.2830535433341958	-0.3856063346522082	0.3079282250396266	0.051789668259811406	0.1931784849633506	-0.03041693560166409	0.23254700925239316	-0.034311331168768965	0.07226509350851622	-0.014257167160564105	-0.24038914784911933	0.12276214629948254	-0.020115622939994762	0.05584510741573001
8CA33561B5	35	0.0266120027755836	-0.3807194441106812	-0.08923829314545946	0.0037956754682372264	-0.29459222096130677	0.20935551697155233	-0.13092149329991087	-0.2855790698648657	0.02882401799991908	0.11330456956922814	0.015236414789263948	0.15085601735338697	0.0037427048702040814	-0.045830240251041064	0.02781841663709582	0.08891244774730107	-0.028067510897318123	0.019405392402494562	-0.025642022992789212	-0.04084579607604592
8CA33561B5	36	-0.12269119126424134	-0.9590638961846165	-0.33737672334648067	-0.10492553415808782	-0.2236627972948247	-0.5068013885816116	-0.32158492417152246	0.06510403323328294	-0.08135375054490288	-0.009586271415748344	-0.12946579080709059	0.1776736441232834	-0.15320462638676116	-0.08628729682932981	-0.08727794698926898	0.12968407395507545	0.13384637873737873	-0.02954245732223244	-0.03771467610651545	-0.07214505482076564
8CA33561B5	37	-1.1620946997404453	2.4811597224026234	1.1607689279832731	-0.09150275740636094	-0.10375063363525192	0.5967314018990846	-0.23874807864675254	0.12414438631586557	-0.07223543730222803	0.013936155174311135	0.05186790663030237	0.09182581883787354	-0.012372215945133862	0.009645652093792978	-0.03490144115834463	0.013543103181355905	-0.02632529939410634	-0.02661835695421173	0.06015262246763464	0.015703797775637404
8CA33561B5	38	0.4934978273764016	0.790439714941659	-0.25815039956184127	0.37546178991934825	0.2127503674279406	0.14753164040736919	0.3139541980187207	-0.3255056233643907	0.20418829967309265	-0.004587395512749116	0.22195263363948656	-0.11043652998590074	0.1756709113081988	-0.07105329542112453	0.06523931852657622	-0.0009234754421310121	-0.2832693440158796	0.12575029077924674	0.0059408042451770645	0.08523935184903696
8CA33561B5	39	0.7762933398927879	-3.231809850656884	-1.194866376140371	-0.07961049750633728	-0.28662980000770866	-0.7407511056880043	-0.16331180584285895	-0.14340045654639788	-0.030939087266920334	0.044691568710085165	-0.17378259371500668	0.15130207330621212	-0.13767953982674638	-0.06720768791857301	-0.021107699897005627	0.12084214654218799	0.17134632066020763	-0.016750587009878044	-0.09386978634102529	-0.10790740385435996
8CA33561B5	40	-0.6863479176805043	1.221363325128766	0.48054004570700276	0.2155946371320637	-0.14735629667148187	0.8506276752231023	0.007503473932672977	-0.300263516767447	-0.10581239588690378	0.10096545020189282	0.19562913923476033	-0.012460063886848179	0.037528767534637165	-0.022111575535483707	0.0987085452552247	0.032945725994462945	-0.21527616482217324	0.03174921665843179	0.06556380714559375	0.04630035369210459
8CA33561B5	41	-0.2692152305512545	-1.0785092744423108	-0.1173492645512604	0.02441429940381608	-0.32889001487234387	0.46407541956385145	-0.10722304829932083	-0.2296530869147957	-0.22496329147609856	0.14417623906841248	0.016482598775202695	0.04453896108080117	-0.08012763637864048	0.012091566925324357	0.09058759811008338	0.050810652136198814	-0.022341129021728863	-0.04487342007076115	0.02374373583593325	-0.040316436499442866
8CA33561B5	42	0.7837927453784049	-1.147355683769668	-0.24341754146882771	-0.0657157561300205	-0.21815588842956984	0.5263889031521812	0.1703679225913169	-0.4545952226229143	0.16374187847201338	0.18093450204122963	0.04819974598739786	0.05848533556082741	0.16493138927946896	0.0668796663890944	0.12861908842776096	-0.019280534470056745	-0.046042079763598066	0.027017154884142133	-0.05306133751776163	-0.041930687755319516
8CA33561B5	43	-0.6925043101059972	2.1486741228237674	0.7624602193703908	-0.048042321151279134	-0.15026039790352091	0.10879583279070788	-0.3322208902046233	0.02433049610033414	0.1521912880578287	-0.02123914556362741	0.036078495225722235	0.23858477332017544	0.011368969634136623	-0.08329731805822235	-0.09197309278211244	0.10047813402251683	-0.01274546261473663	0.04396345611676086	-0.01506957269525621	-0.019060688938609877
8CA33561B5	44	0.2500338141272831	-0.8795031906815151	-0.49580929451770267	0.16165697045131905	-0.16633286892057458	-0.035631517551158357	-0.020646383351212085	-0.2971669659593527	0.0187232479114159	0.06085201605986884	0.050578142570214354	0.06563441704108439	-0.010112015834792154	-0.07833759503144246	0.037987689992352816	0.08914518001187065	-0.07890974792067432	0.04782631002295361	-0.025448622828594534	-0.015373807627234263
8CA33561B5	45	-1.2683968278271094	2.576955075403713	0.8886425275124905	0.07304954581198088	0.06537315203126291	0.17282576945256548	-0.23669527644334884	0.2599729632911964	-0.14472902539737928	-0.08826186546065075	0.06716663445752996	0.018647797635058933	-0.08552453349281902	-0.0647236890719787	-0.08532665587031697	0.04499924277577261	-0.06875904023710518	-0.011084980314705326	0.08162926650585219	0.051468761757274224
8CA33561B5	46	0.40409252081442953	-1.1328201453466278	-0.23809974360222178	-0.09761794914139746	-0.142239782766709	0.26335841018133005	0.10338785209311656	-0.21312895271575735	-0.03007453701438666	0.12282205258866719	-0.028644588735257548	-0.007768242109998152	0.04358133990877536	0.052828313765026044	0.07058755317021674	-0.017959983453167752	0.014744642009351272	-0.028088229605706685	-0.01057657762815455	-0.02365330803892824
8CA33561B5	47	0.46355427725929443	-1.6833832803834041	-0.3491660371017254	-0.1535062447189373	-0.4337672860730572	0.25947022652873136	-0.10351762013883711	-0.43283721655243634	0.10092608969881067	0.17199052099767131	-0.040029042856089825	0.21469615979272696	0.037052929910666346	0.003986238075903227	0.07024720946214494	0.08299945189344302	0.06670053495518749	0.013125002412377913	-0.08220666578791899	-0.09374163912018245
8CA33561B5	48	-1.0038255240708625	2.523661375512823	1.0900720690445276	-0.18061133924488673	-0.04697669617630025	0.14785610082946202	-0.333528342581626	0.29809648245544934	0.00816411657525859	-0.04946554089799648	-0.03042719636112651	0.15164116299859276	-0.034287665443288325	-0.01555287645808229	-0.1173448530511517	0.030887563843220295	0.05970929276346789	-0.030351497546094168	0.03022121913599047	-0.006971652138017827
8CA33561B5	49	-2.512074642353685	5.660431527929744	2.456769632187933	-0.14987416629318484	-0.0216370314086072	0.9209904559955052	-0.5341688503839961	0.5036624960670659	-0.13372521487031402	-0.09220710646083048	0.11766566864882241	0.1602149935804121	-0.049070895985832266	0.0028796333978650685	-0.12805392506066726	0.020297504960310003	-0.04493709879794308	-0.05041386521612686	0.12642081444200592	0.03961284833139668
8CA33561B5	50	1.036129420941001	-2.209602752622906	-0.8114148736190903	-0.08442505745528828	-0.14767658272449682	-0.309016499016541	0.10630868087718834	-0.24750534576379837	0.13403925278832762	0.08987013631245494	-0.10596180636457908	0.0546621318574085	0.03561105486650739	0.009542252231561323	0.03294414446374385	0.009375592266161473	0.08788291192669805	0.013296575620379645	-0.07918491837516987	-0.052349360610948685
8CA33561B5	51	-2.6800353698503003	6.8014239299081005	2.5286784179339015	0.06801028053003605	0.025500237618520112	0.8018000661021838	-0.5995599520303863	0.43288554667421864	-0.0013669072542542829	-0.15128144119365267	0.22546264912393965	0.22188899320240185	-0.024242102385002146	-0.10238432499321563	-0.16351596856038422	0.09061562259789936	-0.16783595745653387	0.034378135074368654	0.1192615032715346	0.0677717596724756
8CA33561B5	52	1.4295821292510829	-3.8044930321529464	-1.281871022788225	-0.06308051811936408	-0.020927777546453193	-0.30033358630777746	0.3488314474292203	-0.21359990249216332	-0.0138135848259389	0.09220453369341294	-0.12270728158041914	-0.14109602188725603	0.017650903579198025	0.09923881507266268	0.11599668618308263	-0.08548123045605109	0.11034599533942503	-0.03170180222710681	-0.06210012844540867	-0.042682565156676955
8CA33561B5	53	-0.19208901659654123	2.468022446116747	0.47756686062284537	0.18611563569337566	0.4718475257102871	-0.23924578474307798	0.14844825895473948	0.3227654066943399	0.13701120379097093	-0.17522947976396064	0.09458536065752773	-0.15233383041609613	0.07919218146087051	-0.026094033860508403	-0.0802506757869431	-0.0795347172171643	-0.12285700413342794	0.052645235905608226	0.04780664432825271	0.10198342249332631
8CA33561B5	54	-0.31520356355627577	0.6494106316231587	0.3446259281231716	0.12973945497833125	-0.1652258728093863	0.7286310249629422	0.03034376544088118	-0.3060323554820858	0.0032907893671936866	0.10478103750409551	0.1469508987856974	0.02327778812092195	0.0683987119412864	0.009974548898747954	0.10115978094481085	0.009160742111058644	-0.14422134498230768	0.03704471895334101	0.02331783699218695	0.01682896263065619
8CA33561B5	55	-0.5807644244458231	0.9459965893303725	0.5570705925991052	-0.09200214638501342	0.048055732250572296	0.26009387993013117	-0.04657479658277645	0.198121412461039	-0.1258048829273612	-0.018212286196053282	-0.009002302685630422	-0.04775292010779181	-0.031060921780985754	0.053106084001276574	-0.011697586230247893	-0.04791774990052062	0.02766156070352519	-0.052203312489076545	0.0501954108949436	0.017866484522142012
8CA33561B5	56	0.25037365589997085	0.648702328411896	0.21998701363482365	0.15753712628907923	-0.14112862824745565	0.9110841844729614	0.20391410124083478	-0.5391240041557012	0.1715001763847267	0.16690363490538074	0.21233531467221672	0.017714999621107463	0.21428654657667642	0.018921370394273544	0.1473338664144873	-0.006520682879004691	-0.233285242652139	0.08079529531830702	-0.00045671226528118283	0.02627583002283905
8CA33561B5	57	-0.22823786471466373	0.1428007192110499	0.04241107368800731	0.16309762908361525	-0.24320282292572726	0.5881896709217994	-0.015847473959703217	-0.40165808404987824	-0.04694923771366511	0.13138371944424018	0.13449565860844948	0.05634419463607183	0.033120768940316014	-0.04661558952803097	0.08901598042448818	0.074482252027094	-0.16241548271364425	0.03773113096255671	0.019887200597258098	0.007949717294110287
8CA33561B5	58	-2.338908511999284	6.4601220849904735	2.624077108491422	-0.08646789896547359	0.3986720948432641	0.8857249269897375	-0.24047348815461245	0.7646632871647437	-0.11609967356405884	-0.1942940884118289	0.16267471188869373	-0.080417183777157	0.030452808352319144	0.081712240910701	-0.12091541880102115	-0.1274072549708195	-0.09797314930359555	-0.05797993746327277	0.17122068121396974	0.11321970675725994
8CA33561B5	59	-0.1312861282601595	-0.6102520376257198	-0.13765524846613278	-0.046295689552432955	-0.3872769039141773	0.05249951879237311	-0.27182159172391446	-0.2511718957512987	-0.007918150840037932	0.10327408170131079	-0.031512411112821645	0.22576366652654528	-0.06097069213531661	-0.07761640060968938	-0.0074372931441784714	0.13979635898962486	0.02934761887639346	0.00834137945969837	-0.03830140452774271	-0.0671480044057203
8CA33561B5	60	-0.46419984704224215	1.9638048397073173	0.6372275399082284	0.2178900256755694	-0.1511716497418338	0.8545581171372955	-0.0029601804383155043	-0.4105041323326183	0.15238593724155877	0.09155914205754953	0.24227240987957788	0.09365218639740264	0.14500311477590686	-0.047982825171378723	0.08181269153566213	0.05183150248088449	-0.24533951841155455	0.10103507000786648	0.017037545791318495	0.03886311078119879
8CA33561B5	61	-2.841704081069023	5.4665546705785735	2.624849233907516	-0.1515626839923957	-0.05895540927672488	1.4124548567376851	-0.4709243810129189	0.480998375476015	-0.35456240730716854	-0.030206513981350113	0.15897194927767155	0.057040208869621065	-0.07297575017656903	0.06985574127096802	-0.04999654963904903	-0.022418071933822316	-0.08397154565799712	-0.10751127024774378	0.18368298824713694	0.05192624008738014
8CA33561B5	62	-1.1472837767345816	1.7590643235653376	0.7181695198393362	-0.016487218112191008	0.21189181694099418	0.002477480093926194	-0.13414890135207821	0.5014833472288717	-0.3091632620839058	-0.12061750780264174	-0.019867960191471058	-0.12921695767458188	-0.1433468662677267	0.01134955891603793	-0.08397848297684901	-0.038520257323226906	0.017056295989726362	-0.08736497006973502	0.11078224223284791	0.0559081140481607
8CA33561B5	63	-1.3620443166456886	2.4438159532137056	0.9501829739461761	0.21115347139249477	-0.23059007266546847	0.9351376773687179	-0.22111934277891243	-0.22796871187155263	-0.12828678309764655	0.07004896008803442	0.221367796618933	0.09714142089887955	-0.011232032446827986	-0.07447967478082275	0.0460353979327957	0.09898743419953814	-0.22183627015715765	0.03833723528683831	0.07913939821965094	0.0411873704078443
8CA33561B5	64	-0.28039424741283003	0.03492129489637763	0.35645971453517333	-0.0716927017887079	-0.3491620200660364	0.8597501194214497	-0.07674484547761262	-0.3455312804046892	-0.07206710716560714	0.18946510897217453	0.0734148325386612	0.10460661678518833	0.05186542337218383	0.038363121708843755	0.1027298114850123	0.037210840527818576	-0.06660505057831854	-0.02082812892924029	0.014244753067076175	-0.03554890435367356
8CA33561B5	65	-0.14329559349555598	1.0610138071745292	0.26091443294215577	0.33829792847129114	-0.03563674548299235	0.8455187545189019	0.20313539392571583	-0.42229781241287556	0.06555064360592028	0.09742536564555097	0.26108312148323215	-0.06732210647392217	0.14172471685207508	-0.007267126272180306	0.14474666400748623	-0.014364773672004625	-0.2873079474679594	0.08922661496760888	0.039872708567481374	0.06557232444941741
8CA33561B5	66	-1.0560307806425215	4.206338556454024	1.7454721539127966	-0.046330782136793404	0.22467695468198928	1.00767701527884	0.031585437185698485	0.19822506769504528	0.12235243551176914	-0.04468522493557048	0.19573103707392286	-0.04412774486420425	0.1863517630410896	0.10002317267055434	0.00908891432346945	-0.12276274025119041	-0.14252889759087828	0.015671393300370633	0.07885045625107147	0.07697566095895109
8CA33561B5	67	0.5031072003848693	-0.49843594251744	-0.36304784568412224	0.16182078560395644	-0.008979605785793073	0.21715557900827123	0.226274364471999	-0.3410502991659045	0.08312215847107966	0.07822021065012479	0.09448175346541125	-0.057765558422762375	0.10167146340732255	-0.013837214672144485	0.08422304596204375	-0.0032109150081664874	-0.13541215389124528	0.056085605910874636	-0.007449280149919076	0.03058904535761367
8CA33561B5	68	0.30735332413898026	-1.7719153817342537	-0.3978583382230837	-0.1107783698865898	-0.2858825346306327	0.12164220634613655	-0.02943018744129855	-0.24241479117786097	-0.04778737213711631	0.12208719269905477	-0.07087222050451275	0.0774513184924254	-0.03073807283605714	0.025875042372714294	0.06098524419146163	0.031231887364350376	0.08067465790127419	-0.02463515066203148	-0.037700079261280835	-0.05824003253922407
8CA33561B5	69	-1.757265266821031	2.3382607553009898	1.2620896099480496	-0.0014270714800246579	-0.29363414058298065	1.0629774337652147	-0.34206651310230113	-0.0002951885151267735	-0.33142528317296926	0.09180565994149305	0.12311216976217837	0.08742105307726122	-0.09459714793700438	-0.00282003712222141	0.028989697076106158	0.06632662097617707	-0.10487412058631022	-0.06302153295210813	0.11457218654487956	0.011725507109188935
8CA33561B5	70	-0.4086448798685468	1.2018415301610923	0.4878080755072449	0.07322902809224383	0.30008674153218784	0.337070331103905	0.2136693225760043	0.2347186949022485	-0.146141522742659	-0.05393531005478008	0.0696901843154261	-0.24334914303000335	0.023640055916103287	0.08700333033290035	0.03409308381768507	-0.13549236299893108	-0.07870329414675853	-0.03866291646526252	0.09105989232041599	0.08337990396681806
8CA33561B5	71	-0.1566781201467826	0.18932248098043708	0.3322171007599427	-0.01853500572799859	-0.21284099901388165	0.7295394472070784	0.028555838036604893	-0.28132364480705435	-0.00223381980897069	0.1372936334731816	0.07746614024035778	0.039858607193095745	0.07266870078235947	0.05194505118056581	0.09955015383693461	-0.011674311191900147	-0.06660349787936519	0.002716786487556403	0.010828522823741001	-0.007854923308351781
8CA33561B5	72	-0.02193499586928179	-0.8320826721170425	0.04975079788084371	-0.1767802225917172	-0.4423527535275921	0.4731912208350158	-0.18865456570732764	-0.32405349923987326	-0.019552330032241886	0.179858324890096	-0.026780101147540758	0.20432913170510797	0.0058262547522049315	0.012000330897375315	0.05603292510412865	0.08242363848115045	0.04525438446762202	-0.025008375210526228	-0.0352648065080265	-0.08291930063688212
8CA33561B5	73	0.1085745539182195	-0.010194164977912486	0.0823831579970412	0.03633034364072896	-0.23417085104230623	0.556057981642489	0.03401252843353756	-0.3806479043302827	0.0667616237914099	0.1492672631238283	0.07929255194048679	0.07489377450293008	0.08972413219292624	0.002640464886083815	0.0851619723615757	0.028120064430754925	-0.09681037641804699	0.031831483246873196	-0.008204226624098126	-0.009018677958040976
8CA33561B5	74	-0.41121027892584283	0.8115118757731516	0.4990838739544299	0.02084011706384171	0.1909911720864762	0.471338244725981	0.1628176868500203	0.2097481468765184	-0.19467775010116734	-0.003946380870962088	0.05003255572736149	-0.21336673083106306	0.008201475421133118	0.11406730361197373	0.05749725606096126	-0.13513262355048128	-0.05261449875831989	-0.0659367232160015	0.09018412631427478	0.054585684411426
8CA33561B5	75	-1.1798586581118553	1.9840252257480466	0.9507823301103998	-0.0460217578468968	0.09762487761863796	0.4392791783661193	-0.11893849123717676	0.32962987735416766	-0.26029349770575605	-0.04694826094271241	0.03636627221644365	-0.08575236179241426	-0.07397785823714652	0.04438169961831288	-0.02773144209480128	-0.04462235398497571	-0.022202023583964826	-0.07641542176863056	0.10530484541134055	0.044937966001138634
8CA33561B5	76	0.5155477075232704	-1.3963433005967891	-0.5176847167760096	-0.14676152000007844	-0.07723268287419444	-0.6307546145164528	-0.10469377366378443	0.06702182391084512	0.08588720257131431	-0.02400055553182949	-0.15738151511136858	0.10535221330142343	-0.05873588614488875	-0.02335583958881445	-0.06592495390796169	0.03859825764972629	0.16861892377184687	-0.008914213872179924	-0.07115023052566032	-0.061767199129262026
8CA33561B5	77	0.25045262008837593	-0.6382330028206405	-0.15498070076898238	0.042193309173268474	-0.3247774722561321	0.45733079052237025	-0.014056886741204757	-0.45978372214952046	0.07903478781041443	0.16638611099046702	0.06434179801097394	0.12768153684310682	0.06921449476524999	-0.01961337306571266	0.08967213298983889	0.06581862558601566	-0.0780985710260285	0.04037652139249565	-0.032800362492454084	-0.03480863710644432
8CA33561B5	78	-0.37271540356424065	-0.036700368626196356	0.24917093281521954	-0.10235442603842246	-0.16139218587778384	0.280039539012563	-0.11068653740272905	0.0023287439525222393	-0.13251739852268857	0.0627374643239943	-0.032899675910140605	0.03775062881362366	-0.051246347456864724	0.030544505340850354	0.015516027959120736	0.007927668407470626	0.0425157292271609	-0.050240409953047266	0.022563142702783062	-0.021810192469715765
8CA33561B5	79	1.1538101556917733	-3.757117529154832	-1.3884640390165373	-0.12478804481579178	0.03150520568611066	-1.0292813708437403	0.07236422917856496	0.11512410279226695	-0.036243358861188	-0.05587534031280557	-0.22342934358384955	-0.039673057872405056	-0.12157588696302854	0.01815477752773666	-0.0209252126988155	-0.005202464065555372	0.24011426858361273	-0.04401210104928095	-0.08915275682589248	-0.07906430343411136
8CA33561B5	80	-0.5197569984770288	1.2762985255379604	0.7480992237739993	-0.21506742504450074	0.270857007377953	0.14526895302457107	0.07126526685413528	0.45309865691532947	-0.12552978486073726	-0.08488796599253114	-0.06588010380855878	-0.15885273084145082	-0.008823424150141021	0.12566442394715835	-0.04036459349069619	-0.1455395827232088	0.09798397041072268	-0.0891276016704294	0.06600640034676125	0.041991275391793724
8CA33561B5	81	-0.6470323827146236	0.21725899467855306	0.42178132626286846	-0.00849977735362477	-0.1671463102951425	0.709695268969311	-0.03539774844298115	-0.07229493051948764	-0.2522757123506237	0.10532349491968816	0.05026324677877458	-0.045143427971576874	-0.04341927683195206	0.06055787775463678	0.08370609950828253	-0.020032237792174525	-0.047986954343867586	-0.06201606396283816	0.0695856433648946	0.006024611151619243
8CA33561B5	82	-2.292001657222908	5.344170074381267	2.328895842234259	-0.1005950589018402	0.14112200837098382	0.9644142756823192	-0.3365533053543536	0.5574035411976379	-0.18374311178894456	-0.10476741656476346	0.13491898618944795	0.008205406283506873	-0.02275469292246148	0.058102873305527915	-0.08602184795836054	-0.0604978327702427	-0.07344242115610101	-0.06631683679155034	0.15132197738230393	0.07112690677621536
8CA33561B5	83	1.0525801820775493	-2.5566103646512204	-0.6518666433741152	-0.2875595981412072	-0.26831263420517143	-0.17809922113541182	0.01956804527678808	-0.25264310892620495	0.19001390135816842	0.1117260001965254	-0.15175488482919766	0.15307698180083248	0.05393224917717599	0.062053441514304065	0.04065093782324535	0.006238807788988496	0.1949796123705665	-0.005785980359569961	-0.1198425142661809	-0.10647383232904843
8CA33561B5	84	-1.6064143762261545	4.130304052972827	1.5930941298535457	0.014380912323282924	0.2746639305601712	0.5563692890713947	-0.13749262994650466	0.4735502050643084	-0.15349237077426178	-0.12617554749077817	0.12302287691746555	-0.0915428119297467	-0.008848376384168919	0.026125692585531046	-0.0758602214639836	-0.0645160011431055	-0.10395473219484894	-0.03986584121875842	0.13254861591086387	0.09226549643379886
8CA33561B5	85	1.9225023638696912	-5.791611551287812	-2.0560191455162404	-0.2902340599854496	0.011974461210661726	-1.6262021131746127	0.08482529445847747	0.22065725781980347	-0.0006546883967146903	-0.06258570387632419	-0.4015305888611148	-0.02329147783134545	-0.17159383984213142	0.05407481177524424	-0.04925099246383683	-0.028386259818158066	0.42568426917512	-0.0830539400268791	-0.15102507328432638	-0.1406279171380941
8CA33561B5	86	1.9341788023054105	-5.997768758022115	-2.1524980518883496	-0.3345309529511647	0.03817541951610295	-1.8481257541275398	0.03264225709091248	0.30190537514623983	0.0011721960692293708	-0.10683311886835203	-0.43572104607399764	-0.0006314029797354514	-0.2015305225012283	0.039421745440773176	-0.0830319177102744	-0.009764881397917168	0.47544626748520646	-0.08760149602178081	-0.1666872473572015	-0.1547008359338796
8CA33561B5	87	0.9322346300220489	-2.610745645326899	-1.2834705905119033	-0.05063960394654099	0.06707656995899244	-1.5361457319452128	-0.12347277616955761	0.2562953234837635	0.07276559619809775	-0.14252526095621207	-0.25348906929150844	0.06978729530788527	-0.17116311361282913	-0.0984812530088769	-0.14526736644708654	0.07380334318529444	0.24150030967977856	-0.0006326776353005404	-0.10061269361412675	-0.06881051505819961
8CA33561B5	88	1.336650071040892	-4.515327049041243	-1.5102816044289442	-0.22904898719139194	0.11692796021968081	-1.0905706571309528	0.17929493628070167	0.23894813120664204	-0.10941348335477413	-0.06730712142009423	-0.2908393274600479	-0.13639173638533764	-0.1380441959883701	0.09259198489191617	-0.004286084117530733	-0.07855436019185451	0.3217676617610673	-0.09177698116024299	-0.08340434932787313	-0.08122706779947253
8CA33561B5	89	2.01811381153768	-5.573526292913307	-1.7979143319378312	-0.2282533594767822	0.09778312127929617	-0.8460116574726019	0.4252648086800501	0.030841625008006277	-0.03258909172886164	0.029223454680503018	-0.2821333631156083	-0.21289806664803207	-0.038457616129313324	0.17478251319120633	0.09516277824607008	-0.16049239599236395	0.30127864866394366	-0.0860878381216607	-0.10178378571858201	-0.0827289314932576
8CA33561B5	90	1.7682914571566517	-5.4492801928723065	-2.0399561995176247	-0.045970445896700005	-0.09132056208894346	-0.9511058669646685	0.2371621383543491	-0.20648669044355147	-0.051439272315505324	0.052359614064148345	-0.21530316674537828	-0.0772531105117545	-0.09564617673900719	0.021082643280707192	0.06794501169967604	0.003158435807723244	0.1969932567076978	-0.030610232240129636	-0.10902876143871322	-0.08782489143335219
